1
0000 0048 0000 0018 00C0 00C1 0030 0092 0030 0092 0030 0031 0030 0092 0030 0092 0030 0031 0030 0031 0030 0031 0030 0031 0030 0092 0030 0031 0030 0031 0030 0031 0030 0092 0030 0031 0030 0031 0030 0092 0030 0092 0030 0092 0030 0092 0030 0031 0030 0092 0030 086A
sendir,4:1,3,58000,1,1,192,193,48,146,48,146,48,49,48,146,48,146,48,49,48,49,48,49,48,49,48,146,48,49,48,49,48,49,48,146,48,49,48,49,48,146,48,146,48,146,48,146,48,49,48,146,48,2154

2
0000 0048 0000 0018 00C0 00C1 0030 0092 0030 0092 0030 0031 0030 0092 0030 0092 0030 0092 0030 0031 0030 0031 0030 0031 0030 0092 0030 0031 0030 0031 0030 0031 0030 0092 0030 0031 0030 0031 0030 0031 0030 0092 0030 0092 0030 0092 0030 0031 0030 0092 0030 0869
sendir,4:1,4,58000,1,1,192,193,48,146,48,146,48,49,48,146,48,146,48,146,48,49,48,49,48,49,48,146,48,49,48,49,48,49,48,146,48,49,48,49,48,49,48,146,48,146,48,146,48,49,48,146,48,2153

3
0000 0048 0000 0018 00C0 00C1 0030 0092 0030 0092 0030 0031 0030 0092 0030 0092 0030 0031 0030 0092 0030 0031 0030 0031 0030 0092 0030 0031 0030 0031 0030 0031 0030 0092 0030 0031 0030 0031 0030 0092 0030 0031 0030 0092 0030 0092 0030 0031 0030 0092 0030 086B
sendir,4:1,5,58000,1,1,192,193,48,146,48,146,48,49,48,146,48,146,48,49,48,146,48,49,48,49,48,146,48,49,48,49,48,49,48,146,48,49,48,49,48,146,48,49,48,146,48,146,48,49,48,146,48,2155

4
0000 0048 0000 0018 00C0 00C1 0030 0092 0030 0092 0030 0031 0030 0092 0030 0092 0030 0092 0030 0092 0030 0031 0030 0031 0030 0092 0030 0031 0030 0031 0030 0031 0030 0092 0030 0031 0030 0031 0030 0031 0030 0031 0030 0092 0030 0092 0030 0031 0030 0092 0030 0867
sendir,4:1,6,58000,1,1,192,193,48,146,48,146,48,49,48,146,48,146,48,146,48,146,48,49,48,49,48,146,48,49,48,49,48,49,48,146,48,49,48,49,48,49,48,49,48,146,48,146,48,49,48,146,48,2151

5
0000 0048 0000 0018 00C0 00C1 0030 0092 0030 0092 0030 0031 0030 0092 0030 0092 0030 0031 0030 0031 0030 0092 0030 0031 0030 0092 0030 0031 0030 0031 0030 0031 0030 0092 0030 0031 0030 0031 0030 0092 0030 0092 0030 0031 0030 0092 0030 0031 0030 0092 0030 0868
sendir,4:1,7,58000,1,1,192,193,48,146,48,146,48,49,48,146,48,146,48,49,48,49,48,146,48,49,48,146,48,49,48,49,48,49,48,146,48,49,48,49,48,146,48,146,48,49,48,146,48,49,48,146,48,2152

6
0000 0048 0000 0018 00C0 00C1 0030 0092 0030 0092 0030 0031 0030 0092 0030 0092 0030 0092 0030 0031 0030 0092 0030 0031 0030 0092 0030 0031 0030 0031 0030 0031 0030 0092 0030 0031 0030 0031 0030 0031 0030 0092 0030 0031 0030 0092 0030 0031 0030 0092 0030 0869
sendir,4:1,8,58000,1,1,192,193,48,146,48,146,48,49,48,146,48,146,48,146,48,49,48,146,48,49,48,146,48,49,48,49,48,49,48,146,48,49,48,49,48,49,48,146,48,49,48,146,48,49,48,146,48,2153

7
0000 0048 0000 0018 00C0 00C1 0030 0092 0030 0092 0030 0031 0030 0092 0030 0092 0030 0031 0030 0092 0030 0092 0030 0031 0030 0092 0030 0031 0030 0031 0030 0031 0030 0092 0030 0031 0030 0031 0030 0092 0030 0031 0030 0031 0030 0092 0030 0031 0030 0092 0030 120C
sendir,4:1,9,58000,1,1,192,193,48,146,48,146,48,49,48,146,48,146,48,49,48,146,48,146,48,49,48,146,48,49,48,49,48,49,48,146,48,49,48,49,48,146,48,49,48,49,48,146,48,49,48,146,48,4620

8
0000 0048 0000 0018 00C0 00C1 0030 0092 0030 0092 0030 0031 0030 0092 0030 0092 0030 0092 0030 0092 0030 0092 0030 0031 0030 0092 0030 0031 0030 0031 0030 0031 0030 0092 0030 0031 0030 0031 0030 0031 0030 0031 0030 0031 0030 0092 0030 0031 0030 0092 0030 0869
sendir,4:1,10,58000,1,1,192,193,48,146,48,146,48,49,48,146,48,146,48,146,48,146,48,146,48,49,48,146,48,49,48,49,48,49,48,146,48,49,48,49,48,49,48,49,48,49,48,146,48,49,48,146,48,2153

9
0000 0048 0000 0018 00C0 00C1 0030 0092 0030 0092 0030 0031 0030 0092 0030 0092 0030 0031 0030 0031 0030 0031 0030 0092 0030 0092 0030 0031 0030 0031 0030 0031 0030 0092 0030 0031 0030 0031 0030 0092 0030 0092 0030 0092 0030 0031 0030 0031 0030 0092 0030 0869
sendir,4:1,11,58000,1,1,192,193,48,146,48,146,48,49,48,146,48,146,48,49,48,49,48,49,48,146,48,146,48,49,48,49,48,49,48,146,48,49,48,49,48,146,48,146,48,146,48,49,48,49,48,146,48,2153


0
0000 0048 0000 0018 00C0 00C1 0030 0092 0030 0092 0030 0031 0030 0092 0030 0092 0030 0092 0030 0031 0030 0031 0030 0092 0030 0092 0030 0031 0030 0031 0030 0031 0030 0092 0030 0031 0030 0031 0030 0031 0030 0092 0030 0092 0030 0031 0030 0031 0030 0092 0030 086B
sendir,4:1,12,58000,1,1,192,193,48,146,48,146,48,49,48,146,48,146,48,146,48,49,48,49,48,146,48,146,48,49,48,49,48,49,48,146,48,49,48,49,48,49,48,146,48,146,48,49,48,49,48,146,48,2155

Stop
0000 0048 0000 0018 00C0 00C1 0030 0092 0030 0092 0030 0031 0030 0092 0030 0092 0030 0031 0030 0031 0030 0092 0030 0031 0030 0092 0030 0092 0030 0031 0030 0031 0030 0092 0030 0031 0030 0031 0030 0092 0030 0092 0030 0031 0030 0092 0030 0031 0030 0031 0030 0868
sendir,4:1,13,58000,1,1,192,193,48,146,48,146,48,49,48,146,48,146,48,49,48,49,48,146,48,49,48,146,48,146,48,49,48,49,48,146,48,49,48,49,48,146,48,146,48,49,48,146,48,49,48,49,48,2152


Play
0000 0048 0000 0018 00C0 00C1 0030 0092 0030 0092 0030 0031 0030 0092 0030 0092 0030 0092 0030 0092 0030 0031 0030 0031 0030 0092 0030 0092 0030 0031 0030 0031 0030 0092 0030 0031 0030 0031 0030 0031 0030 0031 0030 0092 0030 0092 0030 0031 0030 0031 0030 0869
sendir,4:1,14,58000,1,1,192,193,48,146,48,146,48,49,48,146,48,146,48,146,48,146,48,49,48,49,48,146,48,146,48,49,48,49,48,146,48,49,48,49,48,49,48,49,48,146,48,146,48,49,48,49,48,2153


Pause
0000 0048 0000 0018 00C0 00C1 0030 0092 0030 0092 0030 0031 0030 0092 0030 0092 0030 0092 0030 0031 0030 0092 0030 0031 0030 0031 0030 0031 0030 0031 0030 0031 0030 0092 0030 0031 0030 0031 0030 0031 0030 0092 0030 0031 0030 0092 0030 0092 0030 0092 0030 0868
sendir,4:1,1,58000,1,1,192,193,48,146,48,146,48,49,48,146,48,146,48,146,48,49,48,146,48,49,48,49,48,49,48,49,48,49,48,146,48,49,48,49,48,49,48,146,48,49,48,146,48,146,48,146,48,2152


Power
0000 0048 0000 0018 00C0 00C1 0030 0092 0030 0092 0030 0031 0030 0092 0030 0092 0030 0092 0030 0092 0030 0092 0030 0031 0030 0031 0030 0031 0030 0031 0030 0031 0030 0092 0030 0031 0030 0031 0030 0031 0030 0031 0030 0031 0030 0092 0030 0092 0030 0092 0030 0866
sendir,4:1,2,58000,1,1,192,193,48,146,48,146,48,49,48,146,48,146,48,146,48,146,48,146,48,49,48,49,48,49,48,49,48,49,48,146,48,49,48,49,48,49,48,49,48,49,48,146,48,146,48,146,48,2150

Up
0000 0048 0000 0018 00C0 00C1 0030 0092 0030 0092 0030 0031 0030 0092 0030 0092 0030 0031 0030 0092 0030 0031 0030 0031 0030 0031 0030 0031 0030 0031 0030 0031 0030 0092 0030 0031 0030 0031 0030 0092 0030 0031 0030 0092 0030 0092 0030 0092 0030 0092 0030 0868
sendir,4:1,3,58000,1,1,192,193,48,146,48,146,48,49,48,146,48,146,48,49,48,146,48,49,48,49,48,49,48,49,48,49,48,49,48,146,48,49,48,49,48,146,48,49,48,146,48,146,48,146,48,146,48,2152

Down 
0000 0048 0000 0018 00C0 00C1 0030 0092 0030 0092 0030 0031 0030 0092 0030 0092 0030 0092 0030 0092 0030 0031 0030 0092 0030 0031 0030 0031 0030 0031 0030 0031 0030 0092 0030 0031 0030 0031 0030 0031 0030 0031 0030 0092 0030 0031 0030 0092 0030 0092 0030 086B
sendir,4:1,4,58000,1,1,192,193,48,146,48,146,48,49,48,146,48,146,48,146,48,146,48,49,48,146,48,49,48,49,48,49,48,49,48,146,48,49,48,49,48,49,48,49,48,146,48,49,48,146,48,146,48,2155

Left
0000 0048 0000 0018 00BF 00C2 002F 0093 002F 0093 002F 0031 002F 0093 002F 0093 002F 0093 002F 0093 002F 0031 002F 0031 002F 0031 002F 0031 002F 0032 002F 0032 002F 0093 002F 0031 002F 0032 002F 0032 002F 0031 002F 0093 002F 0093 002F 0093 002F 0093 002F 086C
sendir,4:1,5,58000,1,1,191,194,47,147,47,147,47,49,47,147,47,147,47,147,47,147,47,49,47,49,47,49,47,49,47,50,47,50,47,147,47,49,47,50,47,50,47,49,47,147,47,147,47,147,47,147,47,2156

Right
0000 0048 0000 0018 00C0 00C1 0030 0092 0030 0092 0030 0031 0030 0092 0030 0092 0030 0031 0030 0031 0030 0092 0030 0031 0030 0031 0030 0031 0030 0031 0030 0031 0030 0092 0030 0031 0030 0031 0030 0092 0030 0092 0030 0031 0030 0092 0030 0092 0030 0092 0030 0869
sendir,4:1,6,58000,1,1,192,193,48,146,48,146,48,49,48,146,48,146,48,49,48,49,48,146,48,49,48,49,48,49,48,49,48,49,48,146,48,49,48,49,48,146,48,146,48,49,48,146,48,146,48,146,48,2153

Select
0000 0048 0000 0018 00BE 00C2 002F 0093 002F 0093 002F 0031 002F 0093 002F 0093 002F 0031 002F 0031 002F 0093 002F 0093 002F 0031 002F 0031 002F 0031 002F 0031 002F 0093 002F 0031 002F 0031 002F 0093 002F 0093 002F 0031 002F 0031 002F 0093 002F 0093 002F 0868
sendir,4:1,7,58000,1,1,190,194,47,147,47,147,47,49,47,147,47,147,47,49,47,49,47,147,47,147,47,49,47,49,47,49,47,49,47,147,47,49,47,49,47,147,47,147,47,49,47,49,47,147,47,147,47,2152



FF
0000 0048 0000 0018 00C0 00C1 0030 0092 0030 0092 0030 0031 0030 0092 0030 0092 0030 0031 0030 0031 0030 0031 0030 0092 0030 0031 0030 0092 0030 0031 0030 0031 0030 0092 0030 0031 0030 0031 0030 0092 0030 0092 0030 0092 0030 0031 0030 0092 0030 0031 0030 0868
sendir,4:1,8,58000,1,1,192,193,48,146,48,146,48,49,48,146,48,146,48,49,48,49,48,49,48,146,48,49,48,146,48,49,48,49,48,146,48,49,48,49,48,146,48,146,48,146,48,49,48,146,48,49,48,2152


Rewind
0000 0048 0000 0018 00C0 00C1 0030 0092 0030 0092 0030 0031 0030 0092 0030 0092 0030 0092 0030 0031 0030 0031 0030 0092 0030 0031 0030 0092 0030 0031 0030 0031 0030 0092 0030 0031 0030 0031 0030 0031 0030 0092 0030 0092 0030 0031 0030 0092 0030 0031 0030 0868
sendir,4:1,9,58000,1,1,192,193,48,146,48,146,48,49,48,146,48,146,48,146,48,49,48,49,48,146,48,49,48,146,48,49,48,49,48,146,48,49,48,49,48,49,48,146,48,146,48,49,48,146,48,49,48,2152


Page Up
0000 0048 0000 0018 00C0 00C1 0030 0092 0030 0092 0030 0031 0030 0092 0030 0092 0030 0031 0030 0092 0030 0092 0030 0031 0030 0092 0030 0092 0030 0031 0030 0031 0030 0092 0030 0031 0030 0031 0030 0092 0030 0031 0030 0031 0030 0092 0030 0031 0030 0031 0030 0867
sendir,4:1,10,58000,1,1,192,193,48,146,48,146,48,49,48,146,48,146,48,49,48,146,48,146,48,49,48,146,48,146,48,49,48,49,48,146,48,49,48,49,48,146,48,49,48,49,48,146,48,49,48,49,48,2151


Page Down
0000 0048 0000 0018 00C0 00C2 0030 0092 0030 0092 0030 0031 0030 0092 0030 0092 0030 0092 0030 0092 0030 0092 0030 0031 0030 0092 0030 0092 0030 0031 0030 0031 0030 0092 0030 0031 0030 0031 0030 0031 0030 0031 0030 0031 0030 0092 0030 0031 0030 0031 0030 086D
sendir,4:1,11,58000,1,1,192,194,48,146,48,146,48,49,48,146,48,146,48,146,48,146,48,146,48,49,48,146,48,146,48,49,48,49,48,146,48,49,48,49,48,49,48,49,48,49,48,146,48,49,48,49,48,2157


Guide
0000 0048 0000 0018 00BF 00C1 002F 0092 002F 0092 0030 0031 002F 0092 002F 0092 0030 0031 002F 0092 002F 0092 002F 0031 0030 0031 002F 0031 0030 0031 002F 0031 002F 0092 002F 0031 0030 0031 002F 0092 002F 0031 002F 0031 002F 0092 002F 0092 0030 0092 002F 0862
sendir,4:1,1,58000,1,1,191,193,47,146,47,146,48,49,47,146,47,146,48,49,47,146,47,146,47,49,48,49,47,49,48,49,47,49,47,146,47,49,48,49,47,146,47,49,47,49,47,146,47,146,48,146,47,2146


Exit
0000 0048 0000 0018 00BF 00C1 002F 0092 002F 0092 002F 0031 0030 0092 002F 0092 002F 0031 0030 0031 002F 0092 002F 0092 002F 0031 0030 0092 0030 0031 0030 0031 0030 0092 0030 0031 0030 0031 0030 0092 0030 0092 0030 0031 0030 0031 0030 0092 0030 0031 0030 086A
sendir,4:1,2,58000,1,1,191,193,47,146,47,146,47,49,48,146,47,146,47,49,48,49,47,146,47,146,47,49,48,146,48,49,48,49,48,146,48,49,48,49,48,146,48,146,48,49,48,49,48,146,48,49,48,2154

Channel Up
0000 0048 0000 0018 00C0 00C1 0030 0092 0030 0092 0030 0031 0030 0092 0030 0092 0030 0092 0030 0031 0030 0092 0030 0092 0030 0092 0030 0031 0030 0031 0030 0031 0030 0092 0030 0031 0030 0031 0030 0031 0030 0092 0030 0031 0030 0031 0030 0031 0030 0092 0030 0867
sendir,4:1,12,58000,1,1,192,193,48,146,48,146,48,49,48,146,48,146,48,146,48,49,48,146,48,146,48,146,48,49,48,49,48,49,48,146,48,49,48,49,48,49,48,146,48,49,48,49,48,49,48,146,48,2151

Channel Down
0000 0048 0000 0018 00C0 00C1 0030 0092 0030 0092 0030 0031 0030 0092 0030 0092 0030 0031 0030 0092 0030 0092 0030 0092 0030 0092 0030 0031 0030 0031 0030 0031 0030 0092 0030 0031 0030 0031 0030 0092 0030 0031 0030 0031 0030 0031 0030 0031 0030 0092 0030 086C
sendir,4:1,13,58000,1,1,192,193,48,146,48,146,48,49,48,146,48,146,48,49,48,146,48,146,48,146,48,146,48,49,48,49,48,49,48,146,48,49,48,49,48,146,48,49,48,49,48,49,48,49,48,146,48,2156

dvr
0000 0048 0000 0018 00C0 00C1 0030 0092 0030 0092 0030 0031 0030 0092 0030 0092 0030 0031 0030 0092 0030 0092 0030 0031 0030 0031 0030 0092 0030 0031 0030 0031 0030 0092 0030 0031 0030 0031 0030 0092 0030 0031 0030 0031 0030 0092 0030 0092 0030 0031 0030 0863
sendir,4:1,14,58000,1,1,192,193,48,146,48,146,48,49,48,146,48,146,48,49,48,146,48,146,48,49,48,49,48,146,48,49,48,49,48,146,48,49,48,49,48,146,48,49,48,49,48,146,48,146,48,49,48,2147
