POWER OFF 
0000 006d 0022 0002 0155 00aa 0016 0014 0016 003f 0016 0015 0016 003f 0016 003f 0016 003f 0016 003f 0016 0014 0016 003f 0016 0014 0016 003f 0016 0014 0016 0015 0016 0015 0016 0015 0016 003f 0016 0015 0016 003f 0016 003f 0016 003f 0016 003f 0016 0015 0016 0015 0016 0015 0016 003f 0016 0014 0016 0014 0016 0014 0016 0014 0016 003f 0016 003f 0016 003f 0016 05e6 0155 0055 0016 0e39

Power On
0000 006d 0022 0002 0155 00aa 0016 0014 0016 003f 0016 0014 0016 003f 0016 003f 0016 003f 0016 003f 0016 0015 0016 003f 0016 0014 0016 003f 0016 0014 0016 0014 0016 0014 0016 0014 0016 003f 0016 003f 0016 0014 0016 003f 0016 003f 0016 003f 0016 0014 0016 0015 0016 0015 0016 0015 0016 003f 0016 0015 0016 0015 0016 0015 0016 003f 0016 003f 0016 003f 0016 05e6 0155 0054 0016 0e39


Surround Sound Inputs

Audio1
0000 006D 0022 0002 0159 00AC 0016 0016 0016 0041 0016 0016 0016 0041 0016 0041 0016 0041 0016 0041 0016 0016 0016 0041 0016 0016 0016 0041 0016 0016 0016 0016 0016 0016 0016 0016 0016 0041 0016 0041 0016 0016 0016 0041 0016 0016 0016 0016 0016 0041 0016 0041 0016 0016 0016 0016 0016 0041 0016 0016 0016 0041 0016 0041 0016 0016 0016 0016 0016 0016 0016 061F 0159 0056 0016 0E62

AV2
0000 006D 0022 0002 0159 00AC 0016 0016 0016 0041 0016 0016 0016 0041 0016 0041 0016 0041 0016 0041 0016 0016 0016 0041 0016 0016 0016 0040 0016 0016 0016 0016 0016 0016 0016 0016 0016 0041 0016 0016 0016 0016 0016 0016 0016 0041 0016 0016 0016 0041 0016 0041 0016 0016 0016 0041 0016 0040 0016 0041 0016 0016 0016 0041 0016 0016 0016 0016 0016 0016 0016 061C 0159 0056 0016 0E5C

HDMI1
0000 006D 0022 0002 0159 00AC 0016 0016 0016 0041 0016 0016 0016 0041 0016 0041 0016 0041 0016 0041 0016 0016 0016 0041 0016 0016 0016 0041 0016 0016 0016 0016 0016 0016 0016 0016 0016 0041 0016 0041 0016 0041 0016 0041 0016 0016 0016 0016 0016 0016 0016 0041 0016 0016 0016 0016 0016 0016 0016 0016 0016 0041 0016 0041 0016 0041 0016 0016 0016 0016 0016 061E 0159 0056 0016 0E5F

HDMI2
0000 006D 0022 0002 0159 00AC 0016 0016 0016 0041 0016 0016 0016 0041 0016 0041 0016 0041 0016 0041 0016 0016 0016 0041 0016 0016 0016 0041 0016 0016 0016 0016 0016 0016 0016 0016 0016 0041 0016 0016 0016 0041 0016 0016 0016 0041 0016 0016 0016 0016 0016 0041 0016 0016 0016 0041 0016 0016 0016 0041 0016 0016 0016 0041 0016 0041 0016 0016 0016 0016 0016 061E 0159 0056 0016 0E5F

AV1
0000 006D 0022 0002 0159 00AC 0016 0016 0016 0041 0016 0016 0016 0041 0016 0041 0016 0041 0016 0041 0016 0016 0016 0041 0016 0016 0016 0041 0016 0016 0016 0016 0016 0016 0016 0016 0016 0041 0016 0041 0016 0041 0016 0016 0016 0016 0016 0041 0016 0016 0016 0041 0016 0016 0016 0016 0016 0016 0016 0041 0016 0041 0016 0016 0016 0041 0016 0016 0016 0016 0016 061E 0159 0056 0016 0E5F
